1440 1200
0.000000 0.000000
80.000000 0.000000
80.000000 713.923064
0.000000 665.903201
80.000000 1200.000000
0.000000 1200.000000
0.000000 905.903201
80.000000 953.923064
120.000000 0.000000
200.000000 0.000000
200.000000 788.285582
120.000000 665.903201
200.000000 1200.000000
120.000000 1200.000000
120.000000 905.903201
200.000000 1028.285582
240.000000 0.000000
320.000000 0.000000
320.000000 713.923064
240.000000 788.285582
320.000000 1200.000000
240.000000 1200.000000
240.000000 1028.285582
320.000000 953.923064
360.000000 0.000000
440.000000 0.000000
440.000000 788.285582
360.000000 753.642102
440.000000 1200.000000
360.000000 1200.000000
360.000000 993.642102
440.000000 1028.285582
480.000000 0.000000
560.000000 0.000000
560.000000 753.642102
480.000000 788.285582
560.000000 1200.000000
480.000000 1200.000000
480.000000 1028.285582
560.000000 993.642102
600.000000 0.000000
680.000000 0.000000
680.000000 788.285582
600.000000 713.923064
680.000000 1200.000000
600.000000 1200.000000
600.000000 953.923064
680.000000 1028.285582
720.000000 0.000000
800.000000 0.000000
800.000000 665.903201
720.000000 665.903201
800.000000 1200.000000
720.000000 1200.000000
720.000000 905.903201
800.000000 905.903201
840.000000 0.000000
920.000000 0.000000
920.000000 713.923064
840.000000 753.642102
920.000000 1200.000000
840.000000 1200.000000
840.000000 993.642102
920.000000 953.923064
960.000000 0.000000
1040.000000 0.000000
1040.000000 713.923064
960.000000 713.923064
1040.000000 1200.000000
960.000000 1200.000000
960.000000 953.923064
1040.000000 953.923064
1080.000000 0.000000
1160.000000 0.000000
1160.000000 206.357898
1080.000000 294.096799
1160.000000 1200.000000
1080.000000 1200.000000
1080.000000 534.096799
1160.000000 446.357898
1200.000000 0.000000
1280.000000 0.000000
1280.000000 753.642102
1200.000000 713.923064
1280.000000 1200.000000
1200.000000 1200.000000
1200.000000 953.923064
1280.000000 993.642102
1320.000000 0.000000
1400.000000 0.000000
1400.000000 171.714418
1320.000000 171.714418
1400.000000 1200.000000
1320.000000 1200.000000
1320.000000 411.714418
1400.000000 411.714418
