1440 1200
0.000000 0.000000
80.000000 0.000000
80.000000 246.076936
0.000000 171.714418
80.000000 1200.000000
0.000000 1200.000000
0.000000 411.714418
80.000000 486.076936
120.000000 0.000000
200.000000 0.000000
200.000000 788.285582
120.000000 788.285582
200.000000 1200.000000
120.000000 1200.000000
120.000000 1028.285582
200.000000 1028.285582
240.000000 0.000000
320.000000 0.000000
320.000000 206.357898
240.000000 171.714418
320.000000 1200.000000
240.000000 1200.000000
240.000000 411.714418
320.000000 446.357898
360.000000 0.000000
440.000000 0.000000
440.000000 665.903201
360.000000 665.903201
440.000000 1200.000000
360.000000 1200.000000
360.000000 905.903201
440.000000 905.903201
480.000000 0.000000
560.000000 0.000000
560.000000 246.076936
480.000000 246.076936
560.000000 1200.000000
480.000000 1200.000000
480.000000 486.076936
560.000000 486.076936
600.000000 0.000000
680.000000 0.000000
680.000000 171.714418
600.000000 294.096799
680.000000 1200.000000
600.000000 1200.000000
600.000000 534.096799
680.000000 411.714418
720.000000 0.000000
800.000000 0.000000
800.000000 294.096799
720.000000 206.357898
800.000000 1200.000000
720.000000 1200.000000
720.000000 446.357898
800.000000 534.096799
840.000000 0.000000
920.000000 0.000000
920.000000 294.096799
840.000000 206.357898
920.000000 1200.000000
840.000000 1200.000000
840.000000 446.357898
920.000000 534.096799
960.000000 0.000000
1040.000000 0.000000
1040.000000 788.285582
960.000000 713.923064
1040.000000 1200.000000
960.000000 1200.000000
960.000000 953.923064
1040.000000 1028.285582
1080.000000 0.000000
1160.000000 0.000000
1160.000000 665.903201
1080.000000 788.285582
1160.000000 1200.000000
1080.000000 1200.000000
1080.000000 1028.285582
1160.000000 905.903201
1200.000000 0.000000
1280.000000 0.000000
1280.000000 206.357898
1200.000000 171.714418
1280.000000 1200.000000
1200.000000 1200.000000
1200.000000 411.714418
1280.000000 446.357898
1320.000000 0.000000
1400.000000 0.000000
1400.000000 294.096799
1320.000000 171.714418
1400.000000 1200.000000
1320.000000 1200.000000
1320.000000 411.714418
1400.000000 534.096799
