1440 1200
0.000000 0.000000
80.000000 0.000000
80.000000 294.096799
0.000000 206.357898
80.000000 1200.000000
0.000000 1200.000000
0.000000 446.357898
80.000000 534.096799
120.000000 0.000000
200.000000 0.000000
200.000000 206.357898
120.000000 206.357898
200.000000 1200.000000
120.000000 1200.000000
120.000000 446.357898
200.000000 446.357898
240.000000 0.000000
320.000000 0.000000
320.000000 206.357898
240.000000 171.714418
320.000000 1200.000000
240.000000 1200.000000
240.000000 411.714418
320.000000 446.357898
360.000000 0.000000
440.000000 0.000000
440.000000 753.642102
360.000000 713.923064
440.000000 1200.000000
360.000000 1200.000000
360.000000 953.923064
440.000000 993.642102
480.000000 0.000000
560.000000 0.000000
560.000000 171.714418
480.000000 294.096799
560.000000 1200.000000
480.000000 1200.000000
480.000000 534.096799
560.000000 411.714418
600.000000 0.000000
680.000000 0.000000
680.000000 206.357898
600.000000 294.096799
680.000000 1200.000000
600.000000 1200.000000
600.000000 534.096799
680.000000 446.357898
720.000000 0.000000
800.000000 0.000000
800.000000 206.357898
720.000000 246.076936
800.000000 1200.000000
720.000000 1200.000000
720.000000 486.076936
800.000000 446.357898
840.000000 0.000000
920.000000 0.000000
920.000000 753.642102
840.000000 665.903201
920.000000 1200.000000
840.000000 1200.000000
840.000000 905.903201
920.000000 993.642102
960.000000 0.000000
1040.000000 0.000000
1040.000000 713.923064
960.000000 788.285582
1040.000000 1200.000000
960.000000 1200.000000
960.000000 1028.285582
1040.000000 953.923064
1080.000000 0.000000
1160.000000 0.000000
1160.000000 753.642102
1080.000000 788.285582
1160.000000 1200.000000
1080.000000 1200.000000
1080.000000 1028.285582
1160.000000 993.642102
1200.000000 0.000000
1280.000000 0.000000
1280.000000 788.285582
1200.000000 788.285582
1280.000000 1200.000000
1200.000000 1200.000000
1200.000000 1028.285582
1280.000000 1028.285582
1320.000000 0.000000
1400.000000 0.000000
1400.000000 788.285582
1320.000000 665.903201
1400.000000 1200.000000
1320.000000 1200.000000
1320.000000 905.903201
1400.000000 1028.285582
