1440 1200
0.000000 0.000000
80.000000 0.000000
80.000000 713.923064
0.000000 665.903201
80.000000 1200.000000
0.000000 1200.000000
0.000000 905.903201
80.000000 953.923064
120.000000 0.000000
200.000000 0.000000
200.000000 753.642102
120.000000 788.285582
200.000000 1200.000000
120.000000 1200.000000
120.000000 1028.285582
200.000000 993.642102
240.000000 0.000000
320.000000 0.000000
320.000000 171.714418
240.000000 294.096799
320.000000 1200.000000
240.000000 1200.000000
240.000000 534.096799
320.000000 411.714418
360.000000 0.000000
440.000000 0.000000
440.000000 753.642102
360.000000 713.923064
440.000000 1200.000000
360.000000 1200.000000
360.000000 953.923064
440.000000 993.642102
480.000000 0.000000
560.000000 0.000000
560.000000 713.923064
480.000000 788.285582
560.000000 1200.000000
480.000000 1200.000000
480.000000 1028.285582
560.000000 953.923064
600.000000 0.000000
680.000000 0.000000
680.000000 713.923064
600.000000 713.923064
680.000000 1200.000000
600.000000 1200.000000
600.000000 953.923064
680.000000 953.923064
720.000000 0.000000
800.000000 0.000000
800.000000 294.096799
720.000000 246.076936
800.000000 1200.000000
720.000000 1200.000000
720.000000 486.076936
800.000000 534.096799
840.000000 0.000000
920.000000 0.000000
920.000000 753.642102
840.000000 753.642102
920.000000 1200.000000
840.000000 1200.000000
840.000000 993.642102
920.000000 993.642102
960.000000 0.000000
1040.000000 0.000000
1040.000000 665.903201
960.000000 713.923064
1040.000000 1200.000000
960.000000 1200.000000
960.000000 953.923064
1040.000000 905.903201
1080.000000 0.000000
1160.000000 0.000000
1160.000000 753.642102
1080.000000 665.903201
1160.000000 1200.000000
1080.000000 1200.000000
1080.000000 905.903201
1160.000000 993.642102
1200.000000 0.000000
1280.000000 0.000000
1280.000000 171.714418
1200.000000 294.096799
1280.000000 1200.000000
1200.000000 1200.000000
1200.000000 534.096799
1280.000000 411.714418
1320.000000 0.000000
1400.000000 0.000000
1400.000000 713.923064
1320.000000 788.285582
1400.000000 1200.000000
1320.000000 1200.000000
1320.000000 1028.285582
1400.000000 953.923064
